N | DP| g | F | E |  | D | C | B | A |
---------------------------------------
0 | 0   0   1   1      1   1   1   1   
1 | 0
2 | 0   1   0   1      1   0   1   1    0x5b
3 | 0   1   0   0      1   1   1   1    0x4f
4 | 0   1   1   0      0   1   1   0    0x66
5 | 0   1   1   0      1   1   0   1    0x60
6 | 0   1   1   1      1   1   0   1    0x70
7 | 0   0   0   0      0   1   1   1    0x07
8 | 0   1   1   1      1   1   1   1    0x7f
9 | 0   1   1   0      1   1   1   1    0x6f
A | 0   1   1   1      0   1   1   1    0x77
B | 0   1   1   1      1   1   0   0    0x7c
C | 0   0   1   1      1   0   0   1    0x39
D | 0   1   0   1      1   1   1   0	0x5e
E | 0   1   1   1      1   0   0   1	0x79
F | 0   1   1   1      0   0   0   1    0x71



	 a
	-----	
f	|   |
	|g  | b
	-----
e	|   | c
	|	|
	-----
	d
